2017/10/03-13:50:25.957385 7fffb855d3c0 RocksDB version: 5.7.3
2017/10/03-13:50:25.957447 7fffb855d3c0 Git sha rocksdb_build_git_sha:
2017/10/03-13:50:25.957450 7fffb855d3c0 Compile date Aug 30 2017
2017/10/03-13:50:25.957455 7fffb855d3c0 DB SUMMARY
2017/10/03-13:50:25.957589 7fffb855d3c0 CURRENT file:  CURRENT
2017/10/03-13:50:25.957592 7fffb855d3c0 IDENTITY file:  IDENTITY
2017/10/03-13:50:25.957646 7fffb855d3c0 MANIFEST file:  MANIFEST-000096 size: 140 Bytes
2017/10/03-13:50:25.957649 7fffb855d3c0 SST files in test.db dir, Total Num: 3, files: 000087.sst 000089.sst 000095.sst 
2017/10/03-13:50:25.957651 7fffb855d3c0 Write Ahead Log file in test.db: 000097.log size: 0 ; 
2017/10/03-13:50:25.957656 7fffb855d3c0                         Options.error_if_exists: 0
2017/10/03-13:50:25.957660 7fffb855d3c0                       Options.create_if_missing: 1
2017/10/03-13:50:25.957661 7fffb855d3c0                         Options.paranoid_checks: 1
2017/10/03-13:50:25.957662 7fffb855d3c0                                     Options.env: 0x10fce6e28
2017/10/03-13:50:25.957663 7fffb855d3c0                                Options.info_log: 0x11099e000
2017/10/03-13:50:25.957664 7fffb855d3c0                Options.max_file_opening_threads: 16
2017/10/03-13:50:25.957665 7fffb855d3c0                               Options.use_fsync: 0
2017/10/03-13:50:25.957666 7fffb855d3c0                       Options.max_log_file_size: 0
2017/10/03-13:50:25.957667 7fffb855d3c0                  Options.max_manifest_file_size: 18446744073709551615
2017/10/03-13:50:25.957669 7fffb855d3c0                   Options.log_file_time_to_roll: 0
2017/10/03-13:50:25.957669 7fffb855d3c0                       Options.keep_log_file_num: 1000
2017/10/03-13:50:25.957671 7fffb855d3c0                    Options.recycle_log_file_num: 0
2017/10/03-13:50:25.957672 7fffb855d3c0                         Options.allow_fallocate: 1
2017/10/03-13:50:25.957672 7fffb855d3c0                        Options.allow_mmap_reads: 0
2017/10/03-13:50:25.957673 7fffb855d3c0                       Options.allow_mmap_writes: 0
2017/10/03-13:50:25.957674 7fffb855d3c0                        Options.use_direct_reads: 0
2017/10/03-13:50:25.957675 7fffb855d3c0                        Options.use_direct_io_for_flush_and_compaction: 0
2017/10/03-13:50:25.957676 7fffb855d3c0          Options.create_missing_column_families: 0
2017/10/03-13:50:25.957677 7fffb855d3c0                              Options.db_log_dir: 
2017/10/03-13:50:25.957678 7fffb855d3c0                                 Options.wal_dir: test.db
2017/10/03-13:50:25.957680 7fffb855d3c0                Options.table_cache_numshardbits: 6
2017/10/03-13:50:25.957680 7fffb855d3c0                      Options.max_subcompactions: 1
2017/10/03-13:50:25.957682 7fffb855d3c0                  Options.max_background_flushes: -1
2017/10/03-13:50:25.957683 7fffb855d3c0                         Options.WAL_ttl_seconds: 0
2017/10/03-13:50:25.957684 7fffb855d3c0                       Options.WAL_size_limit_MB: 0
2017/10/03-13:50:25.957685 7fffb855d3c0             Options.manifest_preallocation_size: 4194304
2017/10/03-13:50:25.957686 7fffb855d3c0                     Options.is_fd_close_on_exec: 1
2017/10/03-13:50:25.957687 7fffb855d3c0                   Options.advise_random_on_open: 1
2017/10/03-13:50:25.957688 7fffb855d3c0                    Options.db_write_buffer_size: 0
2017/10/03-13:50:25.957689 7fffb855d3c0         Options.access_hint_on_compaction_start: 1
2017/10/03-13:50:25.957690 7fffb855d3c0  Options.new_table_reader_for_compaction_inputs: 0
2017/10/03-13:50:25.957691 7fffb855d3c0               Options.compaction_readahead_size: 0
2017/10/03-13:50:25.957692 7fffb855d3c0           Options.random_access_max_buffer_size: 1048576
2017/10/03-13:50:25.957693 7fffb855d3c0           Options.writable_file_max_buffer_size: 1048576
2017/10/03-13:50:25.957694 7fffb855d3c0                      Options.use_adaptive_mutex: 0
2017/10/03-13:50:25.957695 7fffb855d3c0                            Options.rate_limiter: 0x0
2017/10/03-13:50:25.957696 7fffb855d3c0     Options.sst_file_manager.rate_bytes_per_sec: 0
2017/10/03-13:50:25.957697 7fffb855d3c0                          Options.bytes_per_sync: 0
2017/10/03-13:50:25.957710 7fffb855d3c0                      Options.wal_bytes_per_sync: 0
2017/10/03-13:50:25.957712 7fffb855d3c0                       Options.wal_recovery_mode: 2
2017/10/03-13:50:25.957713 7fffb855d3c0                  Options.enable_thread_tracking: 0
2017/10/03-13:50:25.957714 7fffb855d3c0                  Options.enable_pipelined_write: 0
2017/10/03-13:50:25.957715 7fffb855d3c0         Options.allow_concurrent_memtable_write: 1
2017/10/03-13:50:25.957716 7fffb855d3c0      Options.enable_write_thread_adaptive_yield: 1
2017/10/03-13:50:25.957717 7fffb855d3c0             Options.write_thread_max_yield_usec: 100
2017/10/03-13:50:25.957718 7fffb855d3c0            Options.write_thread_slow_yield_usec: 3
2017/10/03-13:50:25.957719 7fffb855d3c0                               Options.row_cache: None
2017/10/03-13:50:25.957720 7fffb855d3c0                              Options.wal_filter: None
2017/10/03-13:50:25.957721 7fffb855d3c0             Options.avoid_flush_during_recovery: 0
2017/10/03-13:50:25.957722 7fffb855d3c0             Options.allow_ingest_behind: 0
2017/10/03-13:50:25.957723 7fffb855d3c0             Options.concurrent_prepare: 0
2017/10/03-13:50:25.957724 7fffb855d3c0             Options.manual_wal_flush: 0
2017/10/03-13:50:25.957725 7fffb855d3c0             Options.max_background_jobs: 2
2017/10/03-13:50:25.957726 7fffb855d3c0             Options.max_background_compactions: -1
2017/10/03-13:50:25.957727 7fffb855d3c0             Options.avoid_flush_during_shutdown: 0
2017/10/03-13:50:25.957728 7fffb855d3c0             Options.delayed_write_rate : 16777216
2017/10/03-13:50:25.957729 7fffb855d3c0             Options.max_total_wal_size: 0
2017/10/03-13:50:25.957730 7fffb855d3c0             Options.delete_obsolete_files_period_micros: 21600000000
2017/10/03-13:50:25.957731 7fffb855d3c0                   Options.stats_dump_period_sec: 600
2017/10/03-13:50:25.957732 7fffb855d3c0                          Options.max_open_files: -1
2017/10/03-13:50:25.957733 7fffb855d3c0 Compression algorithms supported:
2017/10/03-13:50:25.957734 7fffb855d3c0 	Snappy supported: 1
2017/10/03-13:50:25.957735 7fffb855d3c0 	Zlib supported: 1
2017/10/03-13:50:25.957736 7fffb855d3c0 	Bzip supported: 1
2017/10/03-13:50:25.957737 7fffb855d3c0 	LZ4 supported: 1
2017/10/03-13:50:25.957738 7fffb855d3c0 	ZSTD supported: 0
2017/10/03-13:50:25.957739 7fffb855d3c0 Fast CRC32 supported: 0
2017/10/03-13:50:25.958393 7fffb855d3c0 [db/version_set.cc:2712] Recovering from manifest file: MANIFEST-000096
2017/10/03-13:50:25.958459 7fffb855d3c0 [db/column_family.cc:413] --------------- Options for column family [default]:
2017/10/03-13:50:25.958463 7fffb855d3c0               Options.comparator: leveldb.BytewiseComparator
2017/10/03-13:50:25.958466 7fffb855d3c0           Options.merge_operator: None
2017/10/03-13:50:25.958467 7fffb855d3c0        Options.compaction_filter: None
2017/10/03-13:50:25.958469 7fffb855d3c0        Options.compaction_filter_factory: None
2017/10/03-13:50:25.958470 7fffb855d3c0         Options.memtable_factory: SkipListFactory
2017/10/03-13:50:25.958472 7fffb855d3c0            Options.table_factory: BlockBasedTable
2017/10/03-13:50:25.958520 7fffb855d3c0            table_factory options:   flush_block_policy_factory: FlushBlockBySizePolicyFactory (0x11072a060)
  cache_index_and_filter_blocks: 0
  cache_index_and_filter_blocks_with_high_priority: 0
  pin_l0_filter_and_index_blocks_in_cache: 0
  index_type: 0
  hash_index_allow_collision: 1
  checksum: 1
  no_block_cache: 0
  block_cache: 0x110725fb8
  block_cache_name: LRUCache
  block_cache_options:
    capacity : 8388608
    num_shard_bits : 4
    strict_capacity_limit : 0
    high_pri_pool_ratio: 0.000
  block_cache_compressed: 0x0
  persistent_cache: 0x0
  block_size: 4096
  block_size_deviation: 10
  block_restart_interval: 16
  index_block_restart_interval: 1
  filter_policy: nullptr
  whole_key_filtering: 1
  format_version: 2
2017/10/03-13:50:25.958525 7fffb855d3c0        Options.write_buffer_size: 67108864
2017/10/03-13:50:25.958558 7fffb855d3c0  Options.max_write_buffer_number: 2
2017/10/03-13:50:25.958562 7fffb855d3c0          Options.compression: Snappy
2017/10/03-13:50:25.958564 7fffb855d3c0                  Options.bottommost_compression: Disabled
2017/10/03-13:50:25.958565 7fffb855d3c0       Options.prefix_extractor: nullptr
2017/10/03-13:50:25.958566 7fffb855d3c0   Options.memtable_insert_with_hint_prefix_extractor: nullptr
2017/10/03-13:50:25.958567 7fffb855d3c0             Options.num_levels: 7
2017/10/03-13:50:25.958568 7fffb855d3c0        Options.min_write_buffer_number_to_merge: 1
2017/10/03-13:50:25.958569 7fffb855d3c0     Options.max_write_buffer_number_to_maintain: 0
2017/10/03-13:50:25.958570 7fffb855d3c0            Options.compression_opts.window_bits: -14
2017/10/03-13:50:25.958571 7fffb855d3c0                  Options.compression_opts.level: -1
2017/10/03-13:50:25.958572 7fffb855d3c0               Options.compression_opts.strategy: 0
2017/10/03-13:50:25.958574 7fffb855d3c0         Options.compression_opts.max_dict_bytes: 0
2017/10/03-13:50:25.958576 7fffb855d3c0      Options.level0_file_num_compaction_trigger: 4
2017/10/03-13:50:25.958578 7fffb855d3c0          Options.level0_slowdown_writes_trigger: 20
2017/10/03-13:50:25.958580 7fffb855d3c0              Options.level0_stop_writes_trigger: 36
2017/10/03-13:50:25.958588 7fffb855d3c0                   Options.target_file_size_base: 67108864
2017/10/03-13:50:25.958590 7fffb855d3c0             Options.target_file_size_multiplier: 1
2017/10/03-13:50:25.958592 7fffb855d3c0                Options.max_bytes_for_level_base: 268435456
2017/10/03-13:50:25.958593 7fffb855d3c0 Options.level_compaction_dynamic_level_bytes: 0
2017/10/03-13:50:25.958594 7fffb855d3c0          Options.max_bytes_for_level_multiplier: 10.000000
2017/10/03-13:50:25.958596 7fffb855d3c0 Options.max_bytes_for_level_multiplier_addtl[0]: 1
2017/10/03-13:50:25.958598 7fffb855d3c0 Options.max_bytes_for_level_multiplier_addtl[1]: 1
2017/10/03-13:50:25.958599 7fffb855d3c0 Options.max_bytes_for_level_multiplier_addtl[2]: 1
2017/10/03-13:50:25.958600 7fffb855d3c0 Options.max_bytes_for_level_multiplier_addtl[3]: 1
2017/10/03-13:50:25.958601 7fffb855d3c0 Options.max_bytes_for_level_multiplier_addtl[4]: 1
2017/10/03-13:50:25.958602 7fffb855d3c0 Options.max_bytes_for_level_multiplier_addtl[5]: 1
2017/10/03-13:50:25.958603 7fffb855d3c0 Options.max_bytes_for_level_multiplier_addtl[6]: 1
2017/10/03-13:50:25.958604 7fffb855d3c0       Options.max_sequential_skip_in_iterations: 8
2017/10/03-13:50:25.958605 7fffb855d3c0                    Options.max_compaction_bytes: 1677721600
2017/10/03-13:50:25.958606 7fffb855d3c0                        Options.arena_block_size: 8388608
2017/10/03-13:50:25.958607 7fffb855d3c0   Options.soft_pending_compaction_bytes_limit: 68719476736
2017/10/03-13:50:25.958608 7fffb855d3c0   Options.hard_pending_compaction_bytes_limit: 274877906944
2017/10/03-13:50:25.958609 7fffb855d3c0       Options.rate_limit_delay_max_milliseconds: 100
2017/10/03-13:50:25.958610 7fffb855d3c0                Options.disable_auto_compactions: 0
2017/10/03-13:50:25.958612 7fffb855d3c0                        Options.compaction_style: kCompactionStyleLevel
2017/10/03-13:50:25.958613 7fffb855d3c0                          Options.compaction_pri: kByCompensatedSize
2017/10/03-13:50:25.958614 7fffb855d3c0 Options.compaction_options_universal.size_ratio: 1
2017/10/03-13:50:25.958615 7fffb855d3c0 Options.compaction_options_universal.min_merge_width: 2
2017/10/03-13:50:25.958616 7fffb855d3c0 Options.compaction_options_universal.max_merge_width: 4294967295
2017/10/03-13:50:25.958617 7fffb855d3c0 Options.compaction_options_universal.max_size_amplification_percent: 200
2017/10/03-13:50:25.958618 7fffb855d3c0 Options.compaction_options_universal.compression_size_percent: -1
2017/10/03-13:50:25.958619 7fffb855d3c0 Options.compaction_options_universal.stop_style: kCompactionStopStyleTotalSize
2017/10/03-13:50:25.958620 7fffb855d3c0 Options.compaction_options_fifo.max_table_files_size: 1073741824
2017/10/03-13:50:25.958622 7fffb855d3c0 Options.compaction_options_fifo.allow_compaction: 0
2017/10/03-13:50:25.958634 7fffb855d3c0 Options.compaction_options_fifo.ttl: 0
2017/10/03-13:50:25.958636 7fffb855d3c0                   Options.table_properties_collectors: 
2017/10/03-13:50:25.958637 7fffb855d3c0                   Options.inplace_update_support: 0
2017/10/03-13:50:25.958638 7fffb855d3c0                 Options.inplace_update_num_locks: 10000
2017/10/03-13:50:25.958639 7fffb855d3c0               Options.memtable_prefix_bloom_size_ratio: 0.000000
2017/10/03-13:50:25.958640 7fffb855d3c0   Options.memtable_huge_page_size: 0
2017/10/03-13:50:25.958641 7fffb855d3c0                           Options.bloom_locality: 0
2017/10/03-13:50:25.958642 7fffb855d3c0                    Options.max_successive_merges: 0
2017/10/03-13:50:25.958643 7fffb855d3c0                Options.optimize_filters_for_hits: 0
2017/10/03-13:50:25.958644 7fffb855d3c0                Options.paranoid_file_checks: 0
2017/10/03-13:50:25.958645 7fffb855d3c0                Options.force_consistency_checks: 0
2017/10/03-13:50:25.958646 7fffb855d3c0                Options.report_bg_io_stats: 0
2017/10/03-13:50:25.960376 7fffb855d3c0 [db/version_set.cc:2969] Recovered from manifest file:test.db/MANIFEST-000096 succeeded,manifest_file_number is 96, next_file_number is 98, last_sequence is 25, log_number is 0,prev_log_number is 0,max_column_family is 0
2017/10/03-13:50:25.960387 7fffb855d3c0 [db/version_set.cc:2977] Column family [default] (ID 0), log number is 95
2017/10/03-13:50:25.960797 7fffb855d3c0 EVENT_LOG_v1 {"time_micros": 1507063825960781, "job": 1, "event": "recovery_started", "log_files": [97]}
2017/10/03-13:50:25.960803 7fffb855d3c0 [db/db_impl_open.cc:506] Recovering log #97 mode 2
2017/10/03-13:50:25.960831 7fffb855d3c0 [db/version_set.cc:2498] Creating manifest 99
2017/10/03-13:50:25.961845 7fffb855d3c0 EVENT_LOG_v1 {"time_micros": 1507063825961838, "job": 1, "event": "recovery_finished"}
2017/10/03-13:50:25.963866 7fffb855d3c0 [db/db_impl_open.cc:1111] DB pointer 0x110891000
