2017/10/03-06:51:39.181237 7fe5b9692700 RocksDB version: 4.6.1
2017/10/03-06:51:39.181838 7fe5b9692700 Git sha rocksdb_build_git_sha:8d7926a766f2ab9bd6e7aa8cba80b5d3ff26c52b
2017/10/03-06:51:39.181851 7fe5b9692700 Compile date Oct  2 2017
2017/10/03-06:51:39.181857 7fe5b9692700 DB SUMMARY
2017/10/03-06:51:39.185244 7fe5b9692700 CURRENT file:  CURRENT
2017/10/03-06:51:39.185256 7fe5b9692700 IDENTITY file:  IDENTITY
2017/10/03-06:51:39.186096 7fe5b9692700 MANIFEST file:  MANIFEST-000077 size: 140 Bytes
2017/10/03-06:51:39.186105 7fe5b9692700 SST files in test.db dir, Total Num: 3, files: 000042.sst 000073.sst 000076.sst 
2017/10/03-06:51:39.186112 7fe5b9692700 Write Ahead Log file in test.db: 000078.log size: 26 ; 
2017/10/03-06:51:39.186117 7fe5b9692700          Options.error_if_exists: 0
2017/10/03-06:51:39.186120 7fe5b9692700        Options.create_if_missing: 1
2017/10/03-06:51:39.186123 7fe5b9692700          Options.paranoid_checks: 1
2017/10/03-06:51:39.186127 7fe5b9692700                      Options.env: 0x7fe5afffad60
2017/10/03-06:51:39.186132 7fe5b9692700                 Options.info_log: 0x16fce80
2017/10/03-06:51:39.186136 7fe5b9692700           Options.max_open_files: 5000
2017/10/03-06:51:39.186139 7fe5b9692700 Options.max_file_opening_threads: 1
2017/10/03-06:51:39.186142 7fe5b9692700       Options.max_total_wal_size: 0
2017/10/03-06:51:39.186145 7fe5b9692700        Options.disableDataSync: 0
2017/10/03-06:51:39.186148 7fe5b9692700              Options.use_fsync: 0
2017/10/03-06:51:39.186152 7fe5b9692700      Options.max_log_file_size: 0
2017/10/03-06:51:39.186156 7fe5b9692700 Options.max_manifest_file_size: 18446744073709551615
2017/10/03-06:51:39.186160 7fe5b9692700      Options.log_file_time_to_roll: 0
2017/10/03-06:51:39.186163 7fe5b9692700      Options.keep_log_file_num: 1000
2017/10/03-06:51:39.186166 7fe5b9692700   Options.recycle_log_file_num: 0
2017/10/03-06:51:39.186169 7fe5b9692700        Options.allow_os_buffer: 1
2017/10/03-06:51:39.186173 7fe5b9692700       Options.allow_mmap_reads: 0
2017/10/03-06:51:39.186176 7fe5b9692700       Options.allow_fallocate: 1
2017/10/03-06:51:39.186179 7fe5b9692700      Options.allow_mmap_writes: 0
2017/10/03-06:51:39.186183 7fe5b9692700          Options.create_missing_column_families: 0
2017/10/03-06:51:39.186186 7fe5b9692700                              Options.db_log_dir: 
2017/10/03-06:51:39.186190 7fe5b9692700                                 Options.wal_dir: test.db
2017/10/03-06:51:39.186193 7fe5b9692700                Options.table_cache_numshardbits: 4
2017/10/03-06:51:39.186197 7fe5b9692700     Options.delete_obsolete_files_period_micros: 21600000000
2017/10/03-06:51:39.186200 7fe5b9692700              Options.base_background_compactions: 1
2017/10/03-06:51:39.186204 7fe5b9692700              Options.max_background_compactions: 1
2017/10/03-06:51:39.186207 7fe5b9692700                      Options.max_subcompactions: 1
2017/10/03-06:51:39.186210 7fe5b9692700                  Options.max_background_flushes: 1
2017/10/03-06:51:39.186214 7fe5b9692700                         Options.WAL_ttl_seconds: 0
2017/10/03-06:51:39.186217 7fe5b9692700                       Options.WAL_size_limit_MB: 0
2017/10/03-06:51:39.186220 7fe5b9692700             Options.manifest_preallocation_size: 4194304
2017/10/03-06:51:39.186224 7fe5b9692700                          Options.allow_os_buffer: 1
2017/10/03-06:51:39.186227 7fe5b9692700                         Options.allow_mmap_reads: 0
2017/10/03-06:51:39.186231 7fe5b9692700                        Options.allow_mmap_writes: 0
2017/10/03-06:51:39.186235 7fe5b9692700                      Options.is_fd_close_on_exec: 1
2017/10/03-06:51:39.186240 7fe5b9692700                    Options.stats_dump_period_sec: 600
2017/10/03-06:51:39.186245 7fe5b9692700                    Options.advise_random_on_open: 1
2017/10/03-06:51:39.186249 7fe5b9692700                     Options.db_write_buffer_size: 0d
2017/10/03-06:51:39.186253 7fe5b9692700          Options.access_hint_on_compaction_start: NORMAL
2017/10/03-06:51:39.186257 7fe5b9692700   Options.new_table_reader_for_compaction_inputs: 0
2017/10/03-06:51:39.186262 7fe5b9692700                Options.compaction_readahead_size: 0d
2017/10/03-06:51:39.186525 7fe5b9692700                Options.random_access_max_buffer_size: 1048576d
2017/10/03-06:51:39.186533 7fe5b9692700               Options.writable_file_max_buffer_size: 1048576d
2017/10/03-06:51:39.186538 7fe5b9692700                       Options.use_adaptive_mutex: 0
2017/10/03-06:51:39.186542 7fe5b9692700                             Options.rate_limiter: (nil)
2017/10/03-06:51:39.186548 7fe5b9692700      Options.sst_file_manager.rate_bytes_per_sec: 0
2017/10/03-06:51:39.186552 7fe5b9692700                           Options.bytes_per_sync: 0
2017/10/03-06:51:39.186556 7fe5b9692700                       Options.wal_bytes_per_sync: 0
2017/10/03-06:51:39.186559 7fe5b9692700                        Options.wal_recovery_mode: 0
2017/10/03-06:51:39.186562 7fe5b9692700                   Options.enable_thread_tracking: 0
2017/10/03-06:51:39.186566 7fe5b9692700          Options.allow_concurrent_memtable_write: 0
2017/10/03-06:51:39.186569 7fe5b9692700       Options.enable_write_thread_adaptive_yield: 0
2017/10/03-06:51:39.186572 7fe5b9692700              Options.write_thread_max_yield_usec: 100
2017/10/03-06:51:39.186576 7fe5b9692700             Options.write_thread_slow_yield_usec: 3
2017/10/03-06:51:39.186579 7fe5b9692700                                Options.row_cache: None
2017/10/03-06:51:39.186582 7fe5b9692700        Options.wal_filter: None
2017/10/03-06:51:39.186584 7fe5b9692700 Compression algorithms supported:
2017/10/03-06:51:39.186587 7fe5b9692700 	Snappy supported: 1
2017/10/03-06:51:39.186591 7fe5b9692700 	Zlib supported: 1
2017/10/03-06:51:39.186596 7fe5b9692700 	Bzip supported: 1
2017/10/03-06:51:39.186599 7fe5b9692700 	LZ4 supported: 0
2017/10/03-06:51:39.186605 7fe5b9692700 Fast CRC32 supported: 1
2017/10/03-06:51:39.191318 7fe5b9692700 Recovering from manifest file: MANIFEST-000077
2017/10/03-06:51:39.191808 7fe5b9692700 --------------- Options for column family [default]:
2017/10/03-06:51:39.191816 7fe5b9692700               Options.comparator: rocksdb.InternalKeyComparator:leveldb.BytewiseComparator
2017/10/03-06:51:39.191820 7fe5b9692700           Options.merge_operator: None
2017/10/03-06:51:39.191823 7fe5b9692700        Options.compaction_filter: None
2017/10/03-06:51:39.191827 7fe5b9692700        Options.compaction_filter_factory: None
2017/10/03-06:51:39.191830 7fe5b9692700         Options.memtable_factory: SkipListFactory
2017/10/03-06:51:39.191834 7fe5b9692700            Options.table_factory: BlockBasedTable
2017/10/03-06:51:39.191848 7fe5b9692700            table_factory options:   flush_block_policy_factory: FlushBlockBySizePolicyFactory (0x16f6c60)
  cache_index_and_filter_blocks: 0
  index_type: 0
  hash_index_allow_collision: 1
  checksum: 1
  no_block_cache: 0
  block_cache: 0x16f6cb0
  block_cache_size: 8388608
  block_cache_compressed: (nil)
  block_size: 4096
  block_size_deviation: 10
  block_restart_interval: 16
  index_block_restart_interval: 1
  filter_policy: nullptr
  whole_key_filtering: 1
  skip_table_builder_flush: 0
  format_version: 2
2017/10/03-06:51:39.191852 7fe5b9692700        Options.write_buffer_size: 4194304
2017/10/03-06:51:39.191856 7fe5b9692700  Options.max_write_buffer_number: 2
2017/10/03-06:51:39.191859 7fe5b9692700          Options.compression: Snappy
2017/10/03-06:51:39.191863 7fe5b9692700       Options.prefix_extractor: nullptr
2017/10/03-06:51:39.191866 7fe5b9692700             Options.num_levels: 7
2017/10/03-06:51:39.191869 7fe5b9692700        Options.min_write_buffer_number_to_merge: 1
2017/10/03-06:51:39.191872 7fe5b9692700     Options.max_write_buffer_number_to_maintain: 0
2017/10/03-06:51:39.191876 7fe5b9692700            Options.compression_opts.window_bits: -14
2017/10/03-06:51:39.191879 7fe5b9692700                  Options.compression_opts.level: -1
2017/10/03-06:51:39.191882 7fe5b9692700               Options.compression_opts.strategy: 0
2017/10/03-06:51:39.191886 7fe5b9692700      Options.level0_file_num_compaction_trigger: 4
2017/10/03-06:51:39.191889 7fe5b9692700          Options.level0_slowdown_writes_trigger: 20
2017/10/03-06:51:39.192097 7fe5b9692700              Options.level0_stop_writes_trigger: 24
2017/10/03-06:51:39.192103 7fe5b9692700                   Options.target_file_size_base: 2097152
2017/10/03-06:51:39.192108 7fe5b9692700             Options.target_file_size_multiplier: 1
2017/10/03-06:51:39.192113 7fe5b9692700                Options.max_bytes_for_level_base: 10485760
2017/10/03-06:51:39.192148 7fe5b9692700 Options.level_compaction_dynamic_level_bytes: 0
2017/10/03-06:51:39.192152 7fe5b9692700          Options.max_bytes_for_level_multiplier: 10
2017/10/03-06:51:39.192156 7fe5b9692700 Options.max_bytes_for_level_multiplier_addtl[0]: 1
2017/10/03-06:51:39.192159 7fe5b9692700 Options.max_bytes_for_level_multiplier_addtl[1]: 1
2017/10/03-06:51:39.192163 7fe5b9692700 Options.max_bytes_for_level_multiplier_addtl[2]: 1
2017/10/03-06:51:39.192166 7fe5b9692700 Options.max_bytes_for_level_multiplier_addtl[3]: 1
2017/10/03-06:51:39.192169 7fe5b9692700 Options.max_bytes_for_level_multiplier_addtl[4]: 1
2017/10/03-06:51:39.192173 7fe5b9692700 Options.max_bytes_for_level_multiplier_addtl[5]: 1
2017/10/03-06:51:39.192176 7fe5b9692700 Options.max_bytes_for_level_multiplier_addtl[6]: 1
2017/10/03-06:51:39.192179 7fe5b9692700       Options.max_sequential_skip_in_iterations: 8
2017/10/03-06:51:39.192182 7fe5b9692700              Options.expanded_compaction_factor: 25
2017/10/03-06:51:39.192186 7fe5b9692700                Options.source_compaction_factor: 1
2017/10/03-06:51:39.192189 7fe5b9692700          Options.max_grandparent_overlap_factor: 10
2017/10/03-06:51:39.192192 7fe5b9692700                        Options.arena_block_size: 524288
2017/10/03-06:51:39.192195 7fe5b9692700   Options.soft_pending_compaction_bytes_limit: 0
2017/10/03-06:51:39.192199 7fe5b9692700   Options.hard_pending_compaction_bytes_limit: 0
2017/10/03-06:51:39.192202 7fe5b9692700       Options.rate_limit_delay_max_milliseconds: 1000
2017/10/03-06:51:39.192205 7fe5b9692700                Options.disable_auto_compactions: 0
2017/10/03-06:51:39.192208 7fe5b9692700                           Options.filter_deletes: 0
2017/10/03-06:51:39.192212 7fe5b9692700           Options.verify_checksums_in_compaction: 1
2017/10/03-06:51:39.192215 7fe5b9692700                         Options.compaction_style: 0
2017/10/03-06:51:39.192218 7fe5b9692700                           Options.compaction_pri: 0
2017/10/03-06:51:39.192221 7fe5b9692700  Options.compaction_options_universal.size_ratio: 1
2017/10/03-06:51:39.192224 7fe5b9692700 Options.compaction_options_universal.min_merge_width: 2
2017/10/03-06:51:39.192228 7fe5b9692700 Options.compaction_options_universal.max_merge_width: 4294967295
2017/10/03-06:51:39.192231 7fe5b9692700 Options.compaction_options_universal.max_size_amplification_percent: 200
2017/10/03-06:51:39.192234 7fe5b9692700 Options.compaction_options_universal.compression_size_percent: -1
2017/10/03-06:51:39.192237 7fe5b9692700 Options.compaction_options_fifo.max_table_files_size: 1073741824
2017/10/03-06:51:39.192241 7fe5b9692700                   Options.table_properties_collectors: 
2017/10/03-06:51:39.192244 7fe5b9692700                   Options.inplace_update_support: 0
2017/10/03-06:51:39.192247 7fe5b9692700                 Options.inplace_update_num_locks: 10000
2017/10/03-06:51:39.192251 7fe5b9692700               Options.min_partial_merge_operands: 2
2017/10/03-06:51:39.192254 7fe5b9692700               Options.memtable_prefix_bloom_bits: 0
2017/10/03-06:51:39.192257 7fe5b9692700             Options.memtable_prefix_bloom_probes: 6
2017/10/03-06:51:39.192260 7fe5b9692700   Options.memtable_prefix_bloom_huge_page_tlb_size: 0
2017/10/03-06:51:39.192263 7fe5b9692700                           Options.bloom_locality: 0
2017/10/03-06:51:39.192267 7fe5b9692700                    Options.max_successive_merges: 0
2017/10/03-06:51:39.192270 7fe5b9692700                Options.optimize_filters_for_hits: 0
2017/10/03-06:51:39.192273 7fe5b9692700                Options.paranoid_file_checks: 0
2017/10/03-06:51:39.192276 7fe5b9692700                Options.compaction_measure_io_stats: 0
2017/10/03-06:51:39.195456 7fe5b9692700 Recovered from manifest file:test.db/MANIFEST-000077 succeeded,manifest_file_number is 77, next_file_number is 79, last_sequence is 11, log_number is 0,prev_log_number is 0,max_column_family is 0
2017/10/03-06:51:39.195466 7fe5b9692700 Column family [default] (ID 0), log number is 76
2017/10/03-06:51:39.197846 7fe5b9692700 EVENT_LOG_v1 {"time_micros": 1507013499197838, "job": 1, "event": "recovery_started", "log_files": [78]}
2017/10/03-06:51:39.198280 7fe5b9692700 Recovering log #78 mode 0 skip-recovery 0
2017/10/03-06:51:39.201382 7fe5b9692700 EVENT_LOG_v1 {"time_micros": 1507013499201371, "cf_name": "default", "job": 1, "event": "table_file_creation", "file_number": 79, "file_size": 588, "table_properties": {"data_size": 28, "index_size": 35, "filter_size": 0, "raw_key_size": 9, "raw_average_key_size": 9, "raw_value_size": 3, "raw_average_value_size": 3, "num_data_blocks": 1, "num_entries": 1, "filter_policy_name": "", "kDeletedKeys": "0"}}
2017/10/03-06:51:39.201409 7fe5b9692700 Creating manifest 80
2017/10/03-06:51:39.203861 7fe5b9692700 EVENT_LOG_v1 {"time_micros": 1507013499203855, "job": 1, "event": "recovery_finished"}
2017/10/03-06:51:39.214552 7fe5b9692700 DB pointer 0x16fc230
