2017/10/03-05:59:32.509830 7f75f539f700 RocksDB version: 4.6.1
2017/10/03-05:59:32.510530 7f75f539f700 Git sha rocksdb_build_git_sha:8d7926a766f2ab9bd6e7aa8cba80b5d3ff26c52b
2017/10/03-05:59:32.510536 7f75f539f700 Compile date Oct  2 2017
2017/10/03-05:59:32.510541 7f75f539f700 DB SUMMARY
2017/10/03-05:59:32.513266 7f75f539f700 CURRENT file:  CURRENT
2017/10/03-05:59:32.513272 7f75f539f700 IDENTITY file:  IDENTITY
2017/10/03-05:59:32.514092 7f75f539f700 MANIFEST file:  MANIFEST-000032 size: 221 Bytes
2017/10/03-05:59:32.514105 7f75f539f700 SST files in test.db dir, Total Num: 6, files: 000007.sst 000016.sst 000019.sst 000022.sst 000028.sst 000031.sst 
2017/10/03-05:59:32.514109 7f75f539f700 Write Ahead Log file in test.db: 000033.log size: 24 ; 
2017/10/03-05:59:32.514116 7f75f539f700          Options.error_if_exists: 0
2017/10/03-05:59:32.514120 7f75f539f700        Options.create_if_missing: 1
2017/10/03-05:59:32.514124 7f75f539f700          Options.paranoid_checks: 1
2017/10/03-05:59:32.514127 7f75f539f700                      Options.env: 0x7f75ebffad60
2017/10/03-05:59:32.514247 7f75f539f700                 Options.info_log: 0x1a8a700
2017/10/03-05:59:32.514253 7f75f539f700           Options.max_open_files: 5000
2017/10/03-05:59:32.514257 7f75f539f700 Options.max_file_opening_threads: 1
2017/10/03-05:59:32.514260 7f75f539f700       Options.max_total_wal_size: 0
2017/10/03-05:59:32.514264 7f75f539f700        Options.disableDataSync: 0
2017/10/03-05:59:32.514268 7f75f539f700              Options.use_fsync: 0
2017/10/03-05:59:32.514271 7f75f539f700      Options.max_log_file_size: 0
2017/10/03-05:59:32.514275 7f75f539f700 Options.max_manifest_file_size: 18446744073709551615
2017/10/03-05:59:32.514278 7f75f539f700      Options.log_file_time_to_roll: 0
2017/10/03-05:59:32.514283 7f75f539f700      Options.keep_log_file_num: 1000
2017/10/03-05:59:32.514293 7f75f539f700   Options.recycle_log_file_num: 0
2017/10/03-05:59:32.514360 7f75f539f700        Options.allow_os_buffer: 1
2017/10/03-05:59:32.514364 7f75f539f700       Options.allow_mmap_reads: 0
2017/10/03-05:59:32.514367 7f75f539f700       Options.allow_fallocate: 1
2017/10/03-05:59:32.514371 7f75f539f700      Options.allow_mmap_writes: 0
2017/10/03-05:59:32.514374 7f75f539f700          Options.create_missing_column_families: 0
2017/10/03-05:59:32.514378 7f75f539f700                              Options.db_log_dir: 
2017/10/03-05:59:32.514381 7f75f539f700                                 Options.wal_dir: test.db
2017/10/03-05:59:32.514385 7f75f539f700                Options.table_cache_numshardbits: 4
2017/10/03-05:59:32.514388 7f75f539f700     Options.delete_obsolete_files_period_micros: 21600000000
2017/10/03-05:59:32.514392 7f75f539f700              Options.base_background_compactions: 1
2017/10/03-05:59:32.514395 7f75f539f700              Options.max_background_compactions: 1
2017/10/03-05:59:32.514399 7f75f539f700                      Options.max_subcompactions: 1
2017/10/03-05:59:32.514402 7f75f539f700                  Options.max_background_flushes: 1
2017/10/03-05:59:32.514406 7f75f539f700                         Options.WAL_ttl_seconds: 0
2017/10/03-05:59:32.514409 7f75f539f700                       Options.WAL_size_limit_MB: 0
2017/10/03-05:59:32.514412 7f75f539f700             Options.manifest_preallocation_size: 4194304
2017/10/03-05:59:32.514417 7f75f539f700                          Options.allow_os_buffer: 1
2017/10/03-05:59:32.514481 7f75f539f700                         Options.allow_mmap_reads: 0
2017/10/03-05:59:32.514485 7f75f539f700                        Options.allow_mmap_writes: 0
2017/10/03-05:59:32.514488 7f75f539f700                      Options.is_fd_close_on_exec: 1
2017/10/03-05:59:32.514492 7f75f539f700                    Options.stats_dump_period_sec: 600
2017/10/03-05:59:32.514495 7f75f539f700                    Options.advise_random_on_open: 1
2017/10/03-05:59:32.514499 7f75f539f700                     Options.db_write_buffer_size: 0d
2017/10/03-05:59:32.514502 7f75f539f700          Options.access_hint_on_compaction_start: NORMAL
2017/10/03-05:59:32.514506 7f75f539f700   Options.new_table_reader_for_compaction_inputs: 0
2017/10/03-05:59:32.515042 7f75f539f700                Options.compaction_readahead_size: 0d
2017/10/03-05:59:32.515109 7f75f539f700                Options.random_access_max_buffer_size: 1048576d
2017/10/03-05:59:32.515113 7f75f539f700               Options.writable_file_max_buffer_size: 1048576d
2017/10/03-05:59:32.515117 7f75f539f700                       Options.use_adaptive_mutex: 0
2017/10/03-05:59:32.515121 7f75f539f700                             Options.rate_limiter: (nil)
2017/10/03-05:59:32.515125 7f75f539f700      Options.sst_file_manager.rate_bytes_per_sec: 0
2017/10/03-05:59:32.515129 7f75f539f700                           Options.bytes_per_sync: 0
2017/10/03-05:59:32.515132 7f75f539f700                       Options.wal_bytes_per_sync: 0
2017/10/03-05:59:32.515136 7f75f539f700                        Options.wal_recovery_mode: 0
2017/10/03-05:59:32.515139 7f75f539f700                   Options.enable_thread_tracking: 0
2017/10/03-05:59:32.515143 7f75f539f700          Options.allow_concurrent_memtable_write: 0
2017/10/03-05:59:32.515146 7f75f539f700       Options.enable_write_thread_adaptive_yield: 0
2017/10/03-05:59:32.515149 7f75f539f700              Options.write_thread_max_yield_usec: 100
2017/10/03-05:59:32.515153 7f75f539f700             Options.write_thread_slow_yield_usec: 3
2017/10/03-05:59:32.515156 7f75f539f700                                Options.row_cache: None
2017/10/03-05:59:32.515160 7f75f539f700        Options.wal_filter: None
2017/10/03-05:59:32.515164 7f75f539f700 Compression algorithms supported:
2017/10/03-05:59:32.515168 7f75f539f700 	Snappy supported: 1
2017/10/03-05:59:32.515172 7f75f539f700 	Zlib supported: 1
2017/10/03-05:59:32.515175 7f75f539f700 	Bzip supported: 1
2017/10/03-05:59:32.515179 7f75f539f700 	LZ4 supported: 0
2017/10/03-05:59:32.515189 7f75f539f700 Fast CRC32 supported: 1
2017/10/03-05:59:32.520627 7f75f539f700 Recovering from manifest file: MANIFEST-000032
2017/10/03-05:59:32.521032 7f75f539f700 --------------- Options for column family [default]:
2017/10/03-05:59:32.521039 7f75f539f700               Options.comparator: rocksdb.InternalKeyComparator:leveldb.BytewiseComparator
2017/10/03-05:59:32.521043 7f75f539f700           Options.merge_operator: None
2017/10/03-05:59:32.521047 7f75f539f700        Options.compaction_filter: None
2017/10/03-05:59:32.521050 7f75f539f700        Options.compaction_filter_factory: None
2017/10/03-05:59:32.521054 7f75f539f700         Options.memtable_factory: SkipListFactory
2017/10/03-05:59:32.521058 7f75f539f700            Options.table_factory: BlockBasedTable
2017/10/03-05:59:32.521072 7f75f539f700            table_factory options:   flush_block_policy_factory: FlushBlockBySizePolicyFactory (0x1a84690)
  cache_index_and_filter_blocks: 0
  index_type: 0
  hash_index_allow_collision: 1
  checksum: 1
  no_block_cache: 0
  block_cache: 0x1a846e0
  block_cache_size: 8388608
  block_cache_compressed: (nil)
  block_size: 4096
  block_size_deviation: 10
  block_restart_interval: 16
  index_block_restart_interval: 1
  filter_policy: nullptr
  whole_key_filtering: 1
  skip_table_builder_flush: 0
  format_version: 2
2017/10/03-05:59:32.521077 7f75f539f700        Options.write_buffer_size: 4194304
2017/10/03-05:59:32.521080 7f75f539f700  Options.max_write_buffer_number: 2
2017/10/03-05:59:32.521084 7f75f539f700          Options.compression: Snappy
2017/10/03-05:59:32.521088 7f75f539f700       Options.prefix_extractor: nullptr
2017/10/03-05:59:32.521092 7f75f539f700             Options.num_levels: 7
2017/10/03-05:59:32.521095 7f75f539f700        Options.min_write_buffer_number_to_merge: 1
2017/10/03-05:59:32.521098 7f75f539f700     Options.max_write_buffer_number_to_maintain: 0
2017/10/03-05:59:32.521102 7f75f539f700            Options.compression_opts.window_bits: -14
2017/10/03-05:59:32.521105 7f75f539f700                  Options.compression_opts.level: -1
2017/10/03-05:59:32.521109 7f75f539f700               Options.compression_opts.strategy: 0
2017/10/03-05:59:32.521112 7f75f539f700      Options.level0_file_num_compaction_trigger: 4
2017/10/03-05:59:32.521358 7f75f539f700          Options.level0_slowdown_writes_trigger: 20
2017/10/03-05:59:32.521367 7f75f539f700              Options.level0_stop_writes_trigger: 24
2017/10/03-05:59:32.521370 7f75f539f700                   Options.target_file_size_base: 2097152
2017/10/03-05:59:32.521378 7f75f539f700             Options.target_file_size_multiplier: 1
2017/10/03-05:59:32.521382 7f75f539f700                Options.max_bytes_for_level_base: 10485760
2017/10/03-05:59:32.521385 7f75f539f700 Options.level_compaction_dynamic_level_bytes: 0
2017/10/03-05:59:32.521389 7f75f539f700          Options.max_bytes_for_level_multiplier: 10
2017/10/03-05:59:32.521392 7f75f539f700 Options.max_bytes_for_level_multiplier_addtl[0]: 1
2017/10/03-05:59:32.521396 7f75f539f700 Options.max_bytes_for_level_multiplier_addtl[1]: 1
2017/10/03-05:59:32.521400 7f75f539f700 Options.max_bytes_for_level_multiplier_addtl[2]: 1
2017/10/03-05:59:32.521403 7f75f539f700 Options.max_bytes_for_level_multiplier_addtl[3]: 1
2017/10/03-05:59:32.521406 7f75f539f700 Options.max_bytes_for_level_multiplier_addtl[4]: 1
2017/10/03-05:59:32.521410 7f75f539f700 Options.max_bytes_for_level_multiplier_addtl[5]: 1
2017/10/03-05:59:32.521413 7f75f539f700 Options.max_bytes_for_level_multiplier_addtl[6]: 1
2017/10/03-05:59:32.521417 7f75f539f700       Options.max_sequential_skip_in_iterations: 8
2017/10/03-05:59:32.521421 7f75f539f700              Options.expanded_compaction_factor: 25
2017/10/03-05:59:32.521424 7f75f539f700                Options.source_compaction_factor: 1
2017/10/03-05:59:32.521428 7f75f539f700          Options.max_grandparent_overlap_factor: 10
2017/10/03-05:59:32.521431 7f75f539f700                        Options.arena_block_size: 524288
2017/10/03-05:59:32.521435 7f75f539f700   Options.soft_pending_compaction_bytes_limit: 0
2017/10/03-05:59:32.521438 7f75f539f700   Options.hard_pending_compaction_bytes_limit: 0
2017/10/03-05:59:32.521442 7f75f539f700       Options.rate_limit_delay_max_milliseconds: 1000
2017/10/03-05:59:32.521445 7f75f539f700                Options.disable_auto_compactions: 0
2017/10/03-05:59:32.521449 7f75f539f700                           Options.filter_deletes: 0
2017/10/03-05:59:32.521452 7f75f539f700           Options.verify_checksums_in_compaction: 1
2017/10/03-05:59:32.521456 7f75f539f700                         Options.compaction_style: 0
2017/10/03-05:59:32.521459 7f75f539f700                           Options.compaction_pri: 0
2017/10/03-05:59:32.521463 7f75f539f700  Options.compaction_options_universal.size_ratio: 1
2017/10/03-05:59:32.521466 7f75f539f700 Options.compaction_options_universal.min_merge_width: 2
2017/10/03-05:59:32.521470 7f75f539f700 Options.compaction_options_universal.max_merge_width: 4294967295
2017/10/03-05:59:32.521473 7f75f539f700 Options.compaction_options_universal.max_size_amplification_percent: 200
2017/10/03-05:59:32.521477 7f75f539f700 Options.compaction_options_universal.compression_size_percent: -1
2017/10/03-05:59:32.521480 7f75f539f700 Options.compaction_options_fifo.max_table_files_size: 1073741824
2017/10/03-05:59:32.521484 7f75f539f700                   Options.table_properties_collectors: 
2017/10/03-05:59:32.521488 7f75f539f700                   Options.inplace_update_support: 0
2017/10/03-05:59:32.521491 7f75f539f700                 Options.inplace_update_num_locks: 10000
2017/10/03-05:59:32.521495 7f75f539f700               Options.min_partial_merge_operands: 2
2017/10/03-05:59:32.521498 7f75f539f700               Options.memtable_prefix_bloom_bits: 0
2017/10/03-05:59:32.521501 7f75f539f700             Options.memtable_prefix_bloom_probes: 6
2017/10/03-05:59:32.521505 7f75f539f700   Options.memtable_prefix_bloom_huge_page_tlb_size: 0
2017/10/03-05:59:32.521508 7f75f539f700                           Options.bloom_locality: 0
2017/10/03-05:59:32.521512 7f75f539f700                    Options.max_successive_merges: 0
2017/10/03-05:59:32.521515 7f75f539f700                Options.optimize_filters_for_hits: 0
2017/10/03-05:59:32.521519 7f75f539f700                Options.paranoid_file_checks: 0
2017/10/03-05:59:32.521748 7f75f539f700                Options.compaction_measure_io_stats: 0
2017/10/03-05:59:32.529475 7f75f539f700 Recovered from manifest file:test.db/MANIFEST-000032 succeeded,manifest_file_number is 32, next_file_number is 34, last_sequence is 6, log_number is 0,prev_log_number is 0,max_column_family is 0
2017/10/03-05:59:32.529484 7f75f539f700 Column family [default] (ID 0), log number is 31
2017/10/03-05:59:32.532201 7f75f539f700 EVENT_LOG_v1 {"time_micros": 1507010372532155, "job": 1, "event": "recovery_started", "log_files": [33]}
2017/10/03-05:59:32.532576 7f75f539f700 Recovering log #33 mode 0 skip-recovery 0
2017/10/03-05:59:32.535582 7f75f539f700 EVENT_LOG_v1 {"time_micros": 1507010372535570, "cf_name": "default", "job": 1, "event": "table_file_creation", "file_number": 34, "file_size": 586, "table_properties": {"data_size": 26, "index_size": 35, "filter_size": 0, "raw_key_size": 9, "raw_average_key_size": 9, "raw_value_size": 1, "raw_average_value_size": 1, "num_data_blocks": 1, "num_entries": 1, "filter_policy_name": "", "kDeletedKeys": "0"}}
2017/10/03-05:59:32.535608 7f75f539f700 Creating manifest 35
2017/10/03-05:59:32.538691 7f75f539f700 EVENT_LOG_v1 {"time_micros": 1507010372538682, "job": 1, "event": "recovery_finished"}
2017/10/03-05:59:32.551867 7f75f539f700 DB pointer 0x1a89ab0
